LCAO
0.061766907377 0.358794042852 0.700713083689 |; 0 0 0 & 0. 0. 0. & 172.256; 0 0 0 & 0. 0. 0. & 25.9109; 0 0 0 & 0. 0. 0. & 5.53335
-0.395895162119 1.215834355681 |; 0 0 0 & 0. 0. 0. & 3.66498; 0 0 0 & 0. 0. 0. & 0.770545
0.236459946619 0.860618805716 |; 0 0 1 & 0. 0. 0. & 3.66498; 0 0 1 & 0. 0. 0. & 0.770545
0.236459946619 0.860618805716 |; 0 1 0 & 0. 0. 0. & 3.66498; 0 1 0 & 0. 0. 0. & 0.770545
0.236459946619 0.860618805716 |; 1 0 0 & 0. 0. 0. & 3.66498; 1 0 0 & 0. 0. 0. & 0.770545
1.0 |; 0 0 0 & 0. 0. 0. & 0.195857
1.0 |; 0 0 1 & 0. 0. 0. & 0.195857
1.0 |; 0 1 0 & 0. 0. 0. & 0.195857
1.0 |; 1 0 0 & 0. 0. 0. & 0.195857
1.0 |; 0 0 2 & 0. 0. 0. & 0.8
1.0 |; 0 2 0 & 0. 0. 0. & 0.8
1.0 |; 2 0 0 & 0. 0. 0. & 0.8
1.0 |; 0 1 1 & 0. 0. 0. & 0.8
1.0 |; 1 0 1 & 0. 0. 0. & 0.8
1.0 |; 1 1 0 & 0. 0. 0. & 0.8
0.059239393389 0.351499960776 0.707657921031 |; 0 0 0 & 0.         0.    1.99         & 322.037; 0 0 0 & 0.         0.    1.99         & 48.4308; 0 0 0 & 0.         0.    1.99         & 10.4206
-0.40445358319 1.221561761397 |; 0 0 0 & 0.         0.    1.99         & 7.40294; 0 0 0 & 0.         0.    1.99         & 1.5762
0.244586106967 0.853955373466 |; 0 0 1 & 0.         0.    1.99         & 7.40294; 0 0 1 & 0.         0.    1.99         & 1.5762
0.244586106967 0.853955373466 |; 0 1 0 & 0.         0.    1.99         & 7.40294; 0 1 0 & 0.         0.    1.99         & 1.5762
0.244586106967 0.853955373466 |; 1 0 0 & 0.         0.    1.99         & 7.40294; 1 0 0 & 0.         0.    1.99         & 1.5762
1.0 |; 0 0 0 & 0.         0.    1.99         & 0.373684
1.0 |; 0 0 1 & 0.         0.    1.99         & 0.373684
1.0 |; 0 1 0 & 0.         0.    1.99         & 0.373684
1.0 |; 1 0 0 & 0.         0.    1.99         & 0.373684
1.0 |; 0 0 2 & 0.         0.    1.99         & 0.8
1.0 |; 0 2 0 & 0.         0.    1.99         & 0.8
1.0 |; 2 0 0 & 0.         0.    1.99         & 0.8
1.0 |; 0 1 1 & 0.         0.    1.99         & 0.8
1.0 |; 1 0 1 & 0.         0.    1.99         & 0.8
1.0 |; 1 1 0 & 0.         0.    1.99         & 0.8
0.059239393389 0.351499960776 0.707657921031 |; 0 0 0 & 0.         0.    -1.99         & 322.037; 0 0 0 & 0.         0.    -1.99         & 48.4308; 0 0 0 & 0.         0.    -1.99         & 10.4206
-0.40445358319 1.221561761397 |; 0 0 0 & 0.         0.    -1.99         & 7.40294; 0 0 0 & 0.         0.    -1.99         & 1.5762
0.244586106967 0.853955373466 |; 0 0 1 & 0.         0.    -1.99         & 7.40294; 0 0 1 & 0.         0.    -1.99         & 1.5762
0.244586106967 0.853955373466 |; 0 1 0 & 0.         0.    -1.99         & 7.40294; 0 1 0 & 0.         0.    -1.99         & 1.5762
0.244586106967 0.853955373466 |; 1 0 0 & 0.         0.    -1.99         & 7.40294; 1 0 0 & 0.         0.    -1.99         & 1.5762
1.0 |; 0 0 0 & 0.         0.    -1.99         & 0.373684
1.0 |; 0 0 1 & 0.         0.    -1.99         & 0.373684
1.0 |; 0 1 0 & 0.         0.    -1.99         & 0.373684
1.0 |; 1 0 0 & 0.         0.    -1.99         & 0.373684
1.0 |; 0 0 2 & 0.         0.    -1.99         & 0.8
1.0 |; 0 2 0 & 0.         0.    -1.99         & 0.8
1.0 |; 2 0 0 & 0.         0.    -1.99         & 0.8
1.0 |; 0 1 1 & 0.         0.    -1.99         & 0.8
1.0 |; 1 0 1 & 0.         0.    -1.99         & 0.8
1.0 |; 1 1 0 & 0.         0.    -1.99         & 0.8
Population matrix
 1.997597  0.153729  0.        0.        0.       -0.069472  0.   0.        0.       -0.097095 -0.069537 -0.069537  0.        0.   0.        0.018786 -0.017114  0.098198  0.        0.       -0.010867   0.097502  0.        0.       -0.018556  0.004257  0.004257  0.   0.        0.        0.018786 -0.017114 -0.098198  0.        0.  -0.010867 -0.097502  0.        0.       -0.018556  0.004257  0.004257   0.        0.        0.      
 0.153729  0.126936  0.        0.        0.        0.109441  0.   0.        0.        0.031248 -0.003206 -0.003206  0.        0.   0.       -0.001269  0.014751 -0.113546  0.        0.       -0.031138  -0.10795   0.        0.        0.016759 -0.000855 -0.000855  0.   0.        0.       -0.001269  0.014751  0.113546  0.        0.  -0.031138  0.10795   0.        0.        0.016759 -0.000855 -0.000855   0.        0.        0.      
 0.        0.        0.355909  0.        0.        0.       -0.053215   0.        0.        0.        0.        0.        0.        0.   0.       -0.025617  0.038592 -0.252664  0.        0.        0.081939  -0.246687  0.        0.        0.023591 -0.005253 -0.005253  0.   0.        0.        0.025617 -0.038592 -0.252664  0.        0.  -0.081939 -0.246687  0.        0.       -0.023591  0.005253  0.005253   0.        0.        0.      
 0.        0.        0.        0.181869 -0.        0.        0.   0.134695 -0.        0.        0.        0.        0.        0.   0.        0.        0.        0.        0.174926 -0.        0.   0.        0.175624  0.        0.        0.        0.       -0.021747   0.        0.        0.        0.        0.        0.174926 -0.   0.        0.        0.175624  0.        0.        0.        0.   0.021747 -0.        0.      
 0.        0.        0.       -0.        0.181869  0.        0.   0.        0.134695  0.        0.        0.        0.        0.   0.        0.        0.        0.        0.        0.174926  0.   0.       -0.        0.175624  0.        0.        0.       -0.  -0.021747  0.        0.        0.        0.        0.        0.174926   0.        0.       -0.        0.175624  0.        0.        0.   0.        0.021747  0.      
-0.069472  0.109441  0.        0.        0.        0.119908  0.   0.        0.        0.03924   0.005281  0.005281  0.        0.   0.        0.010642  0.002636 -0.133324  0.        0.       -0.070273  -0.127976  0.        0.        0.018108 -0.002572 -0.002572  0.   0.        0.        0.010642  0.002636  0.133324  0.        0.  -0.070273  0.127976  0.        0.        0.018108 -0.002572 -0.002572   0.        0.        0.      
 0.        0.       -0.053215  0.        0.        0.        0.0098   0.        0.        0.        0.        0.        0.        0.   0.        0.046687 -0.002868  0.037304  0.        0.       -0.016335   0.037201  0.        0.       -0.004338  0.000219  0.000219  0.   0.        0.       -0.046687  0.002868  0.037304  0.        0.   0.016335  0.037201  0.        0.        0.004338 -0.000219 -0.000219   0.        0.        0.      
 0.        0.        0.        0.134695  0.        0.        0.   0.099758 -0.        0.        0.        0.        0.        0.   0.        0.        0.        0.        0.129553 -0.        0.   0.        0.13007   0.        0.        0.        0.       -0.016106   0.        0.        0.        0.        0.        0.129553 -0.   0.        0.        0.13007   0.        0.        0.        0.   0.016106 -0.        0.      
 0.        0.        0.       -0.        0.134695  0.        0.  -0.        0.099758  0.        0.        0.        0.        0.   0.        0.        0.        0.        0.        0.129553  0.   0.       -0.        0.13007   0.        0.        0.       -0.  -0.016106  0.        0.        0.        0.        0.        0.129553   0.        0.       -0.        0.13007   0.        0.        0.   0.        0.016106  0.      
-0.097095  0.031248  0.        0.        0.        0.03924   0.   0.        0.        0.020273  0.003445  0.003445  0.        0.   0.       -0.01935   0.018562 -0.037225  0.        0.        0.026952  -0.035056  0.        0.        0.007751  0.000625  0.000625  0.   0.        0.       -0.01935   0.018562  0.037225  0.        0.   0.026952  0.035056  0.        0.        0.007751  0.000625  0.000625   0.        0.        0.      
-0.069537 -0.003206  0.        0.        0.        0.005281  0.   0.        0.        0.003445  0.002634  0.002634  0.        0.   0.        0.002254 -0.002488 -0.007867  0.        0.       -0.009887  -0.007816  0.        0.        0.000833 -0.000461 -0.000461  0.   0.        0.        0.002254 -0.002488  0.007867  0.        0.  -0.009887  0.007816  0.        0.        0.000833 -0.000461 -0.000461   0.        0.        0.      
-0.069537 -0.003206  0.        0.        0.        0.005281  0.   0.        0.        0.003445  0.002634  0.002634  0.        0.   0.        0.002254 -0.002488 -0.007867  0.        0.       -0.009887  -0.007816  0.        0.        0.000833 -0.000461 -0.000461  0.   0.        0.        0.002254 -0.002488  0.007867  0.        0.  -0.009887  0.007816  0.        0.        0.000833 -0.000461 -0.000461   0.        0.        0.      
 0.        0.        0.        0.        0.        0.        0.   0.        0.        0.        0.        0.        0.008264  0.   0.        0.        0.        0.        0.046976 -0.        0.   0.        0.055483  0.        0.        0.        0.       -0.003679   0.        0.        0.        0.        0.       -0.046976  0.   0.        0.       -0.055483 -0.        0.        0.        0.  -0.003679  0.        0.      
 0.        0.        0.        0.        0.        0.        0.   0.        0.        0.        0.        0.        0.        0.008264   0.        0.        0.        0.        0.        0.046976  0.   0.       -0.        0.055483  0.        0.        0.       -0.  -0.003679  0.        0.        0.        0.       -0.       -0.046976   0.        0.        0.       -0.055483  0.        0.        0.  -0.       -0.003679  0.      
0. 0. 0. 0. 0. 0. 0. 0. 0. 0. 0. 0. 0. 0. 0. 0. 0. 0. 0. 0. 0. 0. 0. 0.  0. 0. 0. 0. 0. 0. 0. 0. 0. 0. 0. 0. 0. 0. 0. 0. 0. 0. 0. 0. 0.
 1.87860e-02 -1.26900e-03 -2.56170e-02  0.00000e+00  0.00000e+00   1.06420e-02  4.66870e-02  0.00000e+00  0.00000e+00 -1.93500e-02   2.25400e-03  2.25400e-03  0.00000e+00  0.00000e+00  0.00000e+00   2.03241e+00  4.24070e-02 -5.15610e-02  0.00000e+00  0.00000e+00  -3.54341e-01 -2.61910e-02  0.00000e+00  0.00000e+00 -5.00360e-02  -4.03350e-02 -4.03350e-02  0.00000e+00  0.00000e+00  0.00000e+00  -6.37300e-03 -1.24830e-02  1.15420e-02  0.00000e+00  0.00000e+00   5.73140e-02  2.14900e-02  0.00000e+00  0.00000e+00 -4.16300e-03  -9.12300e-03 -9.12300e-03  0.00000e+00  0.00000e+00  0.00000e+00
-1.71140e-02  1.47510e-02  3.85920e-02  0.00000e+00  0.00000e+00   2.63600e-03 -2.86800e-03  0.00000e+00  0.00000e+00  1.85620e-02  -2.48800e-03 -2.48800e-03  0.00000e+00  0.00000e+00  0.00000e+00   4.24070e-02  1.48088e-01  4.47440e-02  0.00000e+00  0.00000e+00   3.73128e-01  5.01700e-02  0.00000e+00  0.00000e+00  9.30500e-03   7.44700e-03  7.44700e-03  0.00000e+00  0.00000e+00  0.00000e+00  -1.24830e-02 -2.73000e-04 -5.55600e-03  0.00000e+00  0.00000e+00  -6.65000e-04 -6.16000e-03  0.00000e+00  0.00000e+00 -1.63300e-03   4.50000e-04  4.50000e-04  0.00000e+00  0.00000e+00  0.00000e+00
 0.098198 -0.113546 -0.252664  0.        0.       -0.133324  0.037304   0.        0.       -0.037225 -0.007867 -0.007867  0.        0.   0.       -0.051561  0.044744  0.374264  0.        0.        0.231399   0.365223  0.        0.       -0.031666  0.012571  0.012571  0.   0.        0.       -0.011542  0.005556  0.054378  0.        0.   0.076496  0.05528   0.        0.       -0.004697 -0.002414 -0.002414   0.        0.        0.      
 0.00000e+00  0.00000e+00  0.00000e+00  1.74926e-01  0.00000e+00   0.00000e+00  0.00000e+00  1.29553e-01  0.00000e+00  0.00000e+00   0.00000e+00  0.00000e+00  4.69760e-02  0.00000e+00  0.00000e+00   0.00000e+00  0.00000e+00  0.00000e+00  4.35283e-01 -0.00000e+00   0.00000e+00  0.00000e+00  4.84313e-01  0.00000e+00  0.00000e+00   0.00000e+00  0.00000e+00 -4.18310e-02  0.00000e+00  0.00000e+00   0.00000e+00  0.00000e+00  0.00000e+00 -9.87860e-02  0.00000e+00   0.00000e+00  0.00000e+00 -1.46475e-01  0.00000e+00  0.00000e+00   0.00000e+00  0.00000e+00  2.00000e-06 -0.00000e+00  0.00000e+00
 0.00000e+00  0.00000e+00  0.00000e+00 -0.00000e+00  1.74926e-01   0.00000e+00  0.00000e+00 -0.00000e+00  1.29553e-01  0.00000e+00   0.00000e+00  0.00000e+00 -0.00000e+00  4.69760e-02  0.00000e+00   0.00000e+00  0.00000e+00  0.00000e+00 -0.00000e+00  4.35283e-01   0.00000e+00  0.00000e+00 -0.00000e+00  4.84313e-01  0.00000e+00   0.00000e+00  0.00000e+00 -0.00000e+00 -4.18310e-02  0.00000e+00   0.00000e+00  0.00000e+00  0.00000e+00 -0.00000e+00 -9.87860e-02   0.00000e+00  0.00000e+00 -0.00000e+00 -1.46475e-01  0.00000e+00   0.00000e+00  0.00000e+00  0.00000e+00  2.00000e-06  0.00000e+00
-1.086700e-02 -3.113800e-02  8.193900e-02  0.000000e+00  0.000000e+00  -7.027300e-02 -1.633500e-02  0.000000e+00  0.000000e+00  2.695200e-02  -9.887000e-03 -9.887000e-03  0.000000e+00  0.000000e+00  0.000000e+00  -3.543410e-01  3.731280e-01  2.313990e-01  0.000000e+00  0.000000e+00   1.098525e+00  2.355210e-01  0.000000e+00  0.000000e+00  2.242000e-02   3.020500e-02  3.020500e-02  0.000000e+00  0.000000e+00  0.000000e+00   5.731400e-02 -6.650000e-04 -7.649600e-02  0.000000e+00  0.000000e+00   2.822000e-03 -7.845000e-02  0.000000e+00  0.000000e+00 -1.564500e-02   2.157000e-03  2.157000e-03  0.000000e+00  0.000000e+00  0.000000e+00
 0.097502 -0.10795  -0.246687  0.        0.       -0.127976  0.037201   0.        0.       -0.035056 -0.007816 -0.007816  0.        0.   0.       -0.026191  0.05017   0.365223  0.        0.        0.235521   0.357027  0.        0.       -0.030845  0.012161  0.012161  0.   0.        0.       -0.02149   0.00616   0.05528   0.        0.   0.07845   0.056226  0.        0.       -0.00404  -0.002241 -0.002241   0.        0.        0.      
 0.        0.        0.        0.175624 -0.        0.        0.   0.13007  -0.        0.        0.        0.        0.055483 -0.   0.        0.        0.        0.        0.484313 -0.        0.   0.        0.542105 -0.        0.        0.        0.       -0.045702   0.        0.        0.        0.        0.       -0.146475 -0.   0.        0.       -0.202918  0.        0.        0.        0.  -0.003702 -0.        0.      
 0.        0.        0.        0.        0.175624  0.        0.   0.        0.13007   0.        0.        0.        0.        0.055483   0.        0.        0.        0.        0.        0.484313  0.   0.       -0.        0.542105  0.        0.        0.       -0.  -0.045702  0.        0.        0.        0.        0.       -0.146475   0.        0.       -0.       -0.202918  0.        0.        0.   0.       -0.003702  0.      
-0.018556  0.016759  0.023591  0.        0.        0.018108 -0.004338   0.        0.        0.007751  0.000833  0.000833  0.        0.   0.       -0.050036  0.009305 -0.031666  0.        0.        0.02242  -0.030845  0.        0.        0.005961  0.000739  0.000739  0.   0.        0.       -0.004163 -0.001633  0.004697  0.        0.  -0.015645  0.00404   0.        0.        0.001584  0.000302  0.000302   0.        0.        0.      
 0.004257 -0.000855 -0.005253  0.        0.       -0.002572  0.000219   0.        0.        0.000625 -0.000461 -0.000461  0.        0.   0.       -0.040335  0.007447  0.012571  0.        0.        0.030205   0.012161  0.        0.        0.000739  0.001543  0.001543  0.   0.        0.       -0.009123  0.00045   0.002414  0.        0.   0.002157  0.002241  0.        0.        0.000302  0.000289  0.000289   0.        0.        0.      
 0.004257 -0.000855 -0.005253  0.        0.       -0.002572  0.000219   0.        0.        0.000625 -0.000461 -0.000461  0.        0.   0.       -0.040335  0.007447  0.012571  0.        0.        0.030205   0.012161  0.        0.        0.000739  0.001543  0.001543  0.   0.        0.       -0.009123  0.00045   0.002414  0.        0.   0.002157  0.002241  0.        0.        0.000302  0.000289  0.000289   0.        0.        0.      
 0.0000e+00  0.0000e+00  0.0000e+00 -2.1747e-02 -0.0000e+00  0.0000e+00   0.0000e+00 -1.6106e-02 -0.0000e+00  0.0000e+00  0.0000e+00  0.0000e+00  -3.6790e-03 -0.0000e+00  0.0000e+00  0.0000e+00  0.0000e+00  0.0000e+00  -4.1831e-02 -0.0000e+00  0.0000e+00  0.0000e+00 -4.5702e-02 -0.0000e+00   0.0000e+00  0.0000e+00  0.0000e+00  4.2380e-03  0.0000e+00  0.0000e+00   0.0000e+00  0.0000e+00  0.0000e+00 -2.0000e-06 -0.0000e+00  0.0000e+00   0.0000e+00  3.7020e-03 -0.0000e+00  0.0000e+00  0.0000e+00  0.0000e+00  -9.6200e-04  0.0000e+00  0.0000e+00
 0.0000e+00  0.0000e+00  0.0000e+00  0.0000e+00 -2.1747e-02  0.0000e+00   0.0000e+00  0.0000e+00 -1.6106e-02  0.0000e+00  0.0000e+00  0.0000e+00   0.0000e+00 -3.6790e-03  0.0000e+00  0.0000e+00  0.0000e+00  0.0000e+00   0.0000e+00 -4.1831e-02  0.0000e+00  0.0000e+00  0.0000e+00 -4.5702e-02   0.0000e+00  0.0000e+00  0.0000e+00  0.0000e+00  4.2380e-03  0.0000e+00   0.0000e+00  0.0000e+00  0.0000e+00  0.0000e+00 -2.0000e-06  0.0000e+00   0.0000e+00  0.0000e+00  3.7020e-03  0.0000e+00  0.0000e+00  0.0000e+00  -0.0000e+00 -9.6200e-04  0.0000e+00
0. 0. 0. 0. 0. 0. 0. 0. 0. 0. 0. 0. 0. 0. 0. 0. 0. 0. 0. 0. 0. 0. 0. 0.  0. 0. 0. 0. 0. 0. 0. 0. 0. 0. 0. 0. 0. 0. 0. 0. 0. 0. 0. 0. 0.
 1.87860e-02 -1.26900e-03  2.56170e-02  0.00000e+00  0.00000e+00   1.06420e-02 -4.66870e-02  0.00000e+00  0.00000e+00 -1.93500e-02   2.25400e-03  2.25400e-03  0.00000e+00  0.00000e+00  0.00000e+00  -6.37300e-03 -1.24830e-02 -1.15420e-02  0.00000e+00  0.00000e+00   5.73140e-02 -2.14900e-02  0.00000e+00  0.00000e+00 -4.16300e-03  -9.12300e-03 -9.12300e-03  0.00000e+00  0.00000e+00  0.00000e+00   2.03241e+00  4.24070e-02  5.15610e-02  0.00000e+00  0.00000e+00  -3.54341e-01  2.61910e-02  0.00000e+00  0.00000e+00 -5.00360e-02  -4.03350e-02 -4.03350e-02  0.00000e+00  0.00000e+00  0.00000e+00
-1.71140e-02  1.47510e-02 -3.85920e-02  0.00000e+00  0.00000e+00   2.63600e-03  2.86800e-03  0.00000e+00  0.00000e+00  1.85620e-02  -2.48800e-03 -2.48800e-03  0.00000e+00  0.00000e+00  0.00000e+00  -1.24830e-02 -2.73000e-04  5.55600e-03  0.00000e+00  0.00000e+00  -6.65000e-04  6.16000e-03  0.00000e+00  0.00000e+00 -1.63300e-03   4.50000e-04  4.50000e-04  0.00000e+00  0.00000e+00  0.00000e+00   4.24070e-02  1.48088e-01 -4.47440e-02  0.00000e+00  0.00000e+00   3.73128e-01 -5.01700e-02  0.00000e+00  0.00000e+00  9.30500e-03   7.44700e-03  7.44700e-03  0.00000e+00  0.00000e+00  0.00000e+00
-0.098198  0.113546 -0.252664  0.        0.        0.133324  0.037304   0.        0.        0.037225  0.007867  0.007867  0.        0.   0.        0.011542 -0.005556  0.054378  0.        0.       -0.076496   0.05528   0.        0.        0.004697  0.002414  0.002414  0.   0.        0.        0.051561 -0.044744  0.374264  0.        0.  -0.231399  0.365223  0.        0.        0.031666 -0.012571 -0.012571   0.        0.        0.      
 0.00000e+00  0.00000e+00  0.00000e+00  1.74926e-01  0.00000e+00   0.00000e+00  0.00000e+00  1.29553e-01  0.00000e+00  0.00000e+00   0.00000e+00  0.00000e+00 -4.69760e-02 -0.00000e+00  0.00000e+00   0.00000e+00  0.00000e+00  0.00000e+00 -9.87860e-02 -0.00000e+00   0.00000e+00  0.00000e+00 -1.46475e-01  0.00000e+00  0.00000e+00   0.00000e+00  0.00000e+00 -2.00000e-06  0.00000e+00  0.00000e+00   0.00000e+00  0.00000e+00  0.00000e+00  4.35283e-01  0.00000e+00   0.00000e+00  0.00000e+00  4.84313e-01  0.00000e+00  0.00000e+00   0.00000e+00  0.00000e+00  4.18310e-02 -0.00000e+00  0.00000e+00
 0.00000e+00  0.00000e+00  0.00000e+00 -0.00000e+00  1.74926e-01   0.00000e+00  0.00000e+00 -0.00000e+00  1.29553e-01  0.00000e+00   0.00000e+00  0.00000e+00  0.00000e+00 -4.69760e-02  0.00000e+00   0.00000e+00  0.00000e+00  0.00000e+00  0.00000e+00 -9.87860e-02   0.00000e+00  0.00000e+00 -0.00000e+00 -1.46475e-01  0.00000e+00   0.00000e+00  0.00000e+00 -0.00000e+00 -2.00000e-06  0.00000e+00   0.00000e+00  0.00000e+00  0.00000e+00  0.00000e+00  4.35283e-01   0.00000e+00  0.00000e+00 -0.00000e+00  4.84313e-01  0.00000e+00   0.00000e+00  0.00000e+00  0.00000e+00  4.18310e-02  0.00000e+00
-1.086700e-02 -3.113800e-02 -8.193900e-02  0.000000e+00  0.000000e+00  -7.027300e-02  1.633500e-02  0.000000e+00  0.000000e+00  2.695200e-02  -9.887000e-03 -9.887000e-03  0.000000e+00  0.000000e+00  0.000000e+00   5.731400e-02 -6.650000e-04  7.649600e-02  0.000000e+00  0.000000e+00   2.822000e-03  7.845000e-02  0.000000e+00  0.000000e+00 -1.564500e-02   2.157000e-03  2.157000e-03  0.000000e+00  0.000000e+00  0.000000e+00  -3.543410e-01  3.731280e-01 -2.313990e-01  0.000000e+00  0.000000e+00   1.098525e+00 -2.355210e-01  0.000000e+00  0.000000e+00  2.242000e-02   3.020500e-02  3.020500e-02  0.000000e+00  0.000000e+00  0.000000e+00
-0.097502  0.10795  -0.246687  0.        0.        0.127976  0.037201   0.        0.        0.035056  0.007816  0.007816  0.        0.   0.        0.02149  -0.00616   0.05528   0.        0.       -0.07845   0.056226  0.        0.        0.00404   0.002241  0.002241  0.   0.        0.        0.026191 -0.05017   0.365223  0.        0.  -0.235521  0.357027  0.        0.        0.030845 -0.012161 -0.012161   0.        0.        0.      
 0.        0.        0.        0.175624 -0.        0.        0.   0.13007  -0.        0.        0.        0.       -0.055483  0.   0.        0.        0.        0.       -0.146475 -0.        0.   0.       -0.202918 -0.        0.        0.        0.        0.003702   0.        0.        0.        0.        0.        0.484313 -0.   0.        0.        0.542105  0.        0.        0.        0.   0.045702 -0.        0.      
 0.        0.        0.        0.        0.175624  0.        0.   0.        0.13007   0.        0.        0.       -0.       -0.055483   0.        0.        0.        0.        0.       -0.146475  0.   0.        0.       -0.202918  0.        0.        0.       -0.   0.003702  0.        0.        0.        0.        0.        0.484313   0.        0.        0.        0.542105  0.        0.        0.   0.        0.045702  0.      
-0.018556  0.016759 -0.023591  0.        0.        0.018108  0.004338   0.        0.        0.007751  0.000833  0.000833  0.        0.   0.       -0.004163 -0.001633 -0.004697  0.        0.       -0.015645  -0.00404   0.        0.        0.001584  0.000302  0.000302  0.   0.        0.       -0.050036  0.009305  0.031666  0.        0.   0.02242   0.030845  0.        0.        0.005961  0.000739  0.000739   0.        0.        0.      
 0.004257 -0.000855  0.005253  0.        0.       -0.002572 -0.000219   0.        0.        0.000625 -0.000461 -0.000461  0.        0.   0.       -0.009123  0.00045  -0.002414  0.        0.        0.002157  -0.002241  0.        0.        0.000302  0.000289  0.000289  0.   0.        0.       -0.040335  0.007447 -0.012571  0.        0.   0.030205 -0.012161  0.        0.        0.000739  0.001543  0.001543   0.        0.        0.      
 0.004257 -0.000855  0.005253  0.        0.       -0.002572 -0.000219   0.        0.        0.000625 -0.000461 -0.000461  0.        0.   0.       -0.009123  0.00045  -0.002414  0.        0.        0.002157  -0.002241  0.        0.        0.000302  0.000289  0.000289  0.   0.        0.       -0.040335  0.007447 -0.012571  0.        0.   0.030205 -0.012161  0.        0.        0.000739  0.001543  0.001543   0.        0.        0.      
 0.0000e+00  0.0000e+00  0.0000e+00  2.1747e-02  0.0000e+00  0.0000e+00   0.0000e+00  1.6106e-02  0.0000e+00  0.0000e+00  0.0000e+00  0.0000e+00  -3.6790e-03 -0.0000e+00  0.0000e+00  0.0000e+00  0.0000e+00  0.0000e+00   2.0000e-06  0.0000e+00  0.0000e+00  0.0000e+00 -3.7020e-03  0.0000e+00   0.0000e+00  0.0000e+00  0.0000e+00 -9.6200e-04 -0.0000e+00  0.0000e+00   0.0000e+00  0.0000e+00  0.0000e+00  4.1831e-02  0.0000e+00  0.0000e+00   0.0000e+00  4.5702e-02  0.0000e+00  0.0000e+00  0.0000e+00  0.0000e+00   4.2380e-03 -0.0000e+00  0.0000e+00
 0.0000e+00  0.0000e+00  0.0000e+00 -0.0000e+00  2.1747e-02  0.0000e+00   0.0000e+00 -0.0000e+00  1.6106e-02  0.0000e+00  0.0000e+00  0.0000e+00   0.0000e+00 -3.6790e-03  0.0000e+00  0.0000e+00  0.0000e+00  0.0000e+00  -0.0000e+00  2.0000e-06  0.0000e+00  0.0000e+00 -0.0000e+00 -3.7020e-03   0.0000e+00  0.0000e+00  0.0000e+00  0.0000e+00 -9.6200e-04  0.0000e+00   0.0000e+00  0.0000e+00  0.0000e+00 -0.0000e+00  4.1831e-02  0.0000e+00   0.0000e+00 -0.0000e+00  4.5702e-02  0.0000e+00  0.0000e+00  0.0000e+00  -0.0000e+00  4.2380e-03  0.0000e+00
0. 0. 0. 0. 0. 0. 0. 0. 0. 0. 0. 0. 0. 0. 0. 0. 0. 0. 0. 0. 0. 0. 0. 0.  0. 0. 0. 0. 0. 0. 0. 0. 0. 0. 0. 0. 0. 0. 0. 0. 0. 0. 0. 0. 0.
Translations
0	0	0
5.319578657909	0	5.319578657909
5.319578657909	5.319578657909	0
0	5.319578657909	5.319578657909
Rotations
0.788675134594813	-0.211324865405187	0.577350269189626
-0.211324865405187	0.788675134594813	0.577350269189626
-0.577350269189626	-0.577350269189626	0.577350269189626
0.788675134594813	-0.211324865405187	-0.577350269189626
-0.211324865405187	0.788675134594813	-0.577350269189626
0.577350269189626	0.577350269189626	0.577350269189626
0.211324865405187	0.788675134594813	0.577350269189626
0.788675134594813	0.211324865405187	-0.577350269189626
-0.577350269189626	0.577350269189626	-0.577350269189626
0.211324865405187	0.788675134594813	-0.577350269189626
0.788675134594813	0.211324865405187	0.577350269189626
0.577350269189626	-0.577350269189626	-0.577350269189626

